515
447
323
560
860
677
745
745
671
860
459
575
812
505
896
129
398
631
881
495
337
831
714
803
3
471
743
581
816
739
407
761
815
172
152
49
656
827
884
829
883
219
186
687
759
810
833
617
74
212
307
595
581
756
905
733
941
376
6
906
418
406
684
701
18
858
345
81
969
139
805
592
416
593
106
122
236
439
276
803
586
722
793
186
224
416
302
252
32
535
524
136
869
918
763
690
667
190
589
246
845
238
645
166
584
309
251
572
123
791
740
547
987
736
438
538
87
919
581
647
897
671
780
164
784
361
907
403
570
94
189
130
992
593
82
558
780
863
263
944
581
883
382
508
996
688
945
58
527
851
717
27
357
895
315
226
531
563
176
409
303
344
618
998
119
303
465
1000
634
657
407
511
768
825
52
533
872
826
864
541
802
32
228
680
81
594
670
931
502
67
392
614
27
217
46
56
852
141
440
414
297
563
480
517
495
962
463
870
34
691
88
283
535
203
806
581
517
485
568
789
496
807
943
234
993
