295
474
880
824
301
818
507
490
609
994
237
551
301
458
241
306
888
392
668
21
208
59
638
663
6
933
553
284
688
68
146
714
880
116
281
448
266
596
811
544
112
992
413
973
94
81
325
436
105
287
748
621
426
188
81
937
765
722
108
9
172
533
202
910
238
121
103
889
409
160
460
400
738
604
89
436
244
453
918
386
971
207
912
204
690
543
993
847
851
358
369
414
481
218
195
288
650
613
630
949
708
309
321
867
68
594
129
700
120
125
148
571
310
183
295
701
319
116
360
516
445
406
188
134
473
644
373
748
930
613
439
795
533
951
552
496
899
739
194
951
237
31
612
480
976
478
106
349
200
737
393
691
65
95
512
834
253
779
575
602
