614
144
236
415
965
724
84
501
83
668
129
704
843
876
515
191
555
819
752
46
276
550
697
982
954
719
902
269
531
696
951
330
33
630
141
119
878
205
348
627
23
536
591
419
894
728
582
547
117
425
747
150
577
333
876
679
912
398
965
62
586
119
345
802
667
477
204
288
56
935
875
886
315
96
474
769
445
140
746
426
736
708
566
997
664
44
378
893
998
500
636
445
233
689
743
484
979
762
779
673
246
422
835
564
481
496
1
994
34
290
964
263
450
924
12
670
847
219
394
189
964
558
262
972
266
77
27
139
315
694
382
783
385
235
308
391
100
515
845
376
667
253
572
498
719
787
938
182
703
742
997
