746
232
140
818
992
140
513
160
102
855
75
765
212
878
730
627
609
933
103
973
238
759
257
673
330
463
984
875
842
522
574
217
854
879
196
325
249
97
957
357
139
23
473
382
621
672
918
257
240
966
68
507
912
377
614
260
629
916
978
466
253
313
109
314
509
950
440
82
232
769
98
798
505
345
986
254
571
689
919
616
145
560
837
135
858
771
813
899
585
169
308
51
513
524
854
961
724
387
538
579
566
519
652
939
105
730
883
440
216
523
34
554
153
4
926
669
443
399
384
166
411
368
536
457
713
53
644
221
876
218
303
226
133
527
724
684
482
889
238
