242
728
942
963
120
281
589
529
786
760
552
659
768
980
471
319
202
277
479
303
297
375
692
340
410
303
949
494
612
547
573
428
473
616
110
571
230
801
649
218
726
764
47
547
986
627
357
171
758
750
577
379
52
266
812
866
297
69
16
284
40
886
409
341
234
538
60
526
739
23
575
543
37
845
750
122
989
766
124
395
26
506
823
962
972
656
513
420
556
922
747
145
909
873
899
195
591
504
976
611
366
322
174
531
356
676
418
202
392
290
494
506
995
452
924
126
919
833
430
692
100
101
17
1000
476
449
605
984
755
398
533
428
862
580
556
883
197
103
84
803
702
252
900
105
985
346
140
575
492
189
595
829
941
922
243
28
858
414
894
963
294
707
302
311
881
408
139
944
549
962
204
974
91
459
742
179
791
123
544
384
457
121
624
192
391
382
962
174
138
999
242
494
21
424
