859
745
923
178
270
670
462
518
307
964
237
792
516
826
249
267
619
729
831
625
505
734
561
84
880
376
764
421
101
37
167
880
467
762
419
539
952
671
983
130
192
727
721
210
875
231
878
186
929
993
645
25
623
196
77
89
812
498
958
888
837
300
787
982
742
780
761
543
945
48
417
957
181
761
685
744
859
978
814
746
331
435
361
162
160
514
860
226
984
444
832
793
741
876
202
738
566
896
458
106
587
314
558
340
885
144
65
712
473
65
292
817
917
747
254
81
829
298
721
48
511
735
626
320
355
377
989
152
717
958
194
648
259
865
838
493
100
840
535
194
337
167
410
359
576
560
240
291
987
805
802
94
173
228
781
847
853
184
645
209
339
919
