81
261
98
316
903
304
222
103
269
503
174
581
112
971
983
979
947
451
519
882
634
683
822
879
809
101
299
850
45
719
868
391
990
135
842
969
827
443
913
538
174
84
408
465
858
782
963
134
850
290
786
383
657
487
898
629
551
723
469
274
153
387
582
410
85
278
743
526
64
658
919
315
562
93
566
35
416
347
505
814
118
191
225
357
897
984
823
609
492
155
814
707
101
544
686
598
816
445
384
226
543
262
671
550
601
216
980
36
818
563
81
670
307
754
450
532
229
910
441
505
86
512
582
835
353
129
804
319
582
804
4
10
893
393
74
642
989
189
219
133
697
242
643
802
74
860
118
987
742
111
83
260
525
812
225
629
520
989
442
573
202
78
939
191
76
775
932
899
954
234
1
456
585
181
373
866
383
986
62
661
195
570
117
369
39
89
671
228
378
115
132
333
862
