89
472
622
492
480
664
198
791
393
57
12
109
50
612
613
308
178
14
142
399
366
30
329
391
786
611
985
822
881
250
237
358
84
874
523
587
378
614
909
726
834
813
848
915
239
292
581
461
640
364
834
348
488
388
179
663
993
352
202
296
719
782
496
908
773
541
952
948
254
226
167
366
460
51
547
617
575
379
756
955
326
578
791
276
876
325
243
251
13
688
221
137
557
531
512
822
965
488
743
428
715
588
911
598
483
716
280
203
662
10
856
665
283
73
708
869
730
451
262
810
553
352
153
69
624
323
215
244
923
479
601
370
918
502
34
858
560
80
893
249
965
982
280
255
411
642
222
549
746
625
39
453
482
368
138
588
822
279
760
57
521
786
793
100
209
558
589
179
956
680
43
172
470
750
79
262
697
378
864
265
831
686
251
931
65
672
502
126
710
293
805
411
74
583
114
466
202
318
370
507
474
