677
156
166
380
301
759
930
59
1
218
374
768
388
753
296
312
521
701
721
582
348
245
50
357
233
73
869
182
460
702
998
511
672
410
607
379
510
443
909
764
275
282
55
621
890
381
444
45
970
475
987
820
776
263
453
92
981
82
671
314
338
670
218
264
109
315
621
520
111
651
197
849
810
560
764
757
471
639
592
979
164
442
881
196
523
801
862
315
493
456
20
994
748
246
310
393
251
174
950
336
15
921
30
649
910
61
439
428
154
387
767
625
771
800
593
160
288
54
479
271
514
600
954
641
101
730
855
379
35
485
104
775
580
863
203
876
348
658
321
89
353
273
5
79
619
142
698
