25
220
537
146
477
980
530
174
929
408
371
908
161
736
454
587
443
861
544
486
810
488
137
620
635
855
539
278
780
716
290
416
816
299
28
568
448
69
820
93
957
433
604
990
800
830
656
897
819
393
985
853
850
624
814
478
506
447
77
467
974
396
316
278
24
77
232
889
510
439
305
320
312
483
440
802
900
163
4
640
533
308
220
850
10
997
89
346
897
305
305
955
498
589
541
307
591
53
640
616
1000
192
287
981
340
361
944
743
667
704
779
855
670
719
960
321
391
400
872
769
47
851
549
337
942
682
243
547
245
75
402
467
583
254
869
741
489
918
260
228
96
492
232
238
371
552
249
519
770
517
305
792
896
108
391
584
309
493
366
888
915
586
323
42
377
270
83
790
910
956
172
325
967
240
476
8
775
845
643
727
506
515
276
930
251
92
14
836
176
852
266
598
595
292
66
874
12
538
361
911
545
375
170
318
632
519
708
537
159
746
745
24
719
633
708
628
670
524
578
659
441
320
679
100
122
983
538
534
859
