343
477
439
934
595
179
760
757
809
89
480
177
542
742
617
265
129
793
262
523
886
978
291
298
406
348
435
551
947
730
874
823
729
916
923
843
169
280
592
349
337
866
698
53
665
188
707
97
617
595
966
33
176
630
155
813
375
165
696
53
560
343
825
90
652
940
340
764
964
565
772
411
930
856
635
837
388
178
469
675
917
908
264
397
498
931
574
324
391
13
939
580
523
762
549
330
745
954
992
746
418
708
264
73
422
724
126
647
495
201
893
958
494
381
928
484
585
974
451
142
543
611
334
100
789
932
456
646
709
234
802
287
712
326
852
825
77
412
23
258
454
860
860
877
956
505
252
559
924
173
667
437
110
612
839
119
604
752
171
21
598
406
688
903
180
760
194
202
64
