375
923
787
593
337
965
10
863
311
863
906
30
150
567
7
668
576
444
133
838
368
980
295
71
379
537
957
761
444
287
661
526
975
683
117
657
261
332
695
140
974
321
805
596
476
106
104
653
601
735
113
586
444
505
121
11
832
746
117
51
481
979
667
506
441
618
694
299
649
1
623
571
534
534
71
729
449
722
250
795
282
306
927
3
684
512
782
61
390
476
637
502
130
315
813
442
14
150
320
15
691
415
467
44
453
433
928
873
920
486
762
357
489
259
15
673
275
14
879
77
422
360
333
496
403
772
945
613
603
114
60
86
230
651
131
854
434
994
547
579
603
796
891
741
579
121
556
22
725
870
300
142
926
709
981
851
845
243
922
464
728
690
328
716
458
381
322
225
821
649
656
296
645
46
871
440
20
551
403
