621
599
759
248
50
43
43
210
251
495
976
806
258
1
543
915
427
437
185
306
63
445
585
59
809
91
90
692
664
108
51
543
842
767
356
842
17
983
241
118
239
907
702
655
890
924
973
348
598
38
748
894
768
612
437
205
679
625
432
975
332
869
159
417
509
73
574
412
766
348
219
429
605
111
504
241
992
583
172
595
784
757
149
82
47
30
510
808
737
50
352
42
543
802
980
168
468
750
938
448
570
756
859
49
495
823
839
217
445
870
337
924
868
751
140
78
119
980
315
392
886
939
405
521
201
524
219
152
461
53
198
760
195
819
712
498
107
