589
849
591
877
700
972
45
850
451
637
540
863
898
612
506
156
659
367
404
913
609
653
255
375
628
989
674
298
886
549
478
223
420
329
902
292
853
138
801
20
955
897
893
578
775
696
320
483
764
756
299
550
969
53
549
623
357
873
747
842
173
155
8
714
578
505
342
311
93
774
425
951
13
816
249
835
186
945
344
2
18
491
39
248
261
845
951
66
229
160
306
269
456
79
83
132
82
1000
913
600
358
455
14
573
725
724
763
321
760
793
316
503
849
764
891
280
378
291
266
201
747
624
546
967
367
811
994
87
671
497
746
940
928
997
841
515
250
663
836
365
517
298
202
77
310
666
34
523
281
363
319
19
434
245
136
680
880
54
934
765
926
455
567
404
229
344
367
375
307
93
787
415
797
399
674
909
295
951
673
896
848
972
556
439
117
829
264
306
1
119
805
262
530
177
851
162
890
62
755
124
29
186
311
43
872
868
76
425
451
346
192
457
970
278
616
582
791
811
566
397
691
879
617
884
719
714
911
384
57
