32
656
219
182
58
773
112
68
922
648
632
402
864
582
440
196
625
265
840
855
683
319
398
238
814
612
410
563
93
205
426
219
655
65
516
654
445
987
756
831
827
448
402
228
202
271
216
385
992
382
887
633
472
520
121
474
33
656
213
517
399
838
751
677
73
118
179
684
215
115
637
505
117
819
57
223
669
387
470
324
359
195
861
306
769
943
135
108
374
307
121
148
425
877
304
856
165
736
69
931
104
357
361
164
284
382
199
458
909
875
979
729
635
24
388
612
560
247
42
692
55
831
512
728
808
238
344
375
424
327
84
665
758
882
743
185
978
900
776
711
947
202
131
375
821
229
652
545
431
93
30
496
540
82
337
787
572
109
143
936
541
379
69
144
663
177
433
746
758
821
531
800
489
945
54
45
248
122
598
941
199
434
822
