700
651
166
381
294
115
864
340
709
942
553
758
79
711
393
152
926
901
826
486
573
507
664
284
819
9
76
342
499
604
3
322
830
338
827
403
128
107
915
508
239
807
510
571
995
170
841
427
774
802
966
441
500
142
281
388
190
599
344
662
560
24
479
371
389
184
63
825
232
701
815
600
5
926
624
116
540
416
461
354
774
30
825
119
389
256
712
830
530
365
534
911
734
395
615
283
134
702
805
670
521
724
983
154
319
254
730
938
597
945
30
66
554
887
820
382
696
633
499
617
828
249
316
597
292
620
570
875
558
619
418
53
563
897
300
616
676
442
1000
816
594
286
391
743
693
86
184
910
537
735
982
562
710
26
783
639
123
455
136
