23
740
150
480
742
629
559
388
549
713
433
168
480
423
399
727
501
283
649
448
7
820
615
650
209
501
537
909
551
916
124
237
871
103
242
910
633
3
263
333
313
316
6
487
802
835
626
99
426
610
562
345
59
494
435
530
256
547
913
466
731
997
674
269
79
857
324
372
929
310
920
485
709
216
798
839
727
148
607
838
203
119
790
624
753
705
591
641
87
311
515
801
779
735
99
73
371
808
451
5
847
698
117
950
408
332
550
561
810
112
104
770
165
908
597
875
404
242
203
670
710
709
262
231
345
475
789
737
135
932
835
118
311
717
384
439
585
97
197
256
814
906
985
245
941
468
618
276
392
512
367
342
820
618
111
184
405
599
402
649
142
934
975
210
437
437
235
939
100
531
265
580
9
216
924
760
14
720
840
789
737
159
172
697
50
429
343
881
536
353
538
234
5
222
245
458
894
28
667
38
93
103
673
664
625
876
753
671
928
697
700
753
990
862
880
474
95
840
390
935
541
213
331
408
282
831
994
702
684
946
513
682
822
331
701
143
974
789
59
