175
767
580
251
856
256
804
37
709
174
962
628
2
858
973
854
452
613
655
832
761
169
857
649
185
422
619
170
812
859
825
259
598
702
994
355
323
331
131
841
354
739
26
874
652
825
760
721
729
371
135
366
564
725
945
349
535
449
952
16
746
94
186
619
68
570
67
101
363
995
747
538
823
829
417
331
643
687
818
31
211
333
673
228
628
397
227
505
209
555
479
517
773
17
786
586
115
8
597
923
295
291
537
283
361
224
670
446
618
864
432
208
594
22
968
943
518
657
965
964
756
366
880
980
239
129
175
161
929
64
891
388
68
66
785
513
217
680
993
56
192
550
358
511
48
124
50
752
918
535
605
658
487
493
793
579
916
550
812
272
685
425
172
291
776
286
831
166
663
165
89
986
732
656
874
77
928
144
719
876
437
987
163
649
235
51
610
570
166
694
776
8
303
610
338
