532
226
314
892
159
8
749
616
746
127
816
25
650
808
368
211
114
914
317
689
868
187
503
272
575
140
693
506
880
809
906
143
102
833
690
811
160
971
930
304
566
302
859
233
807
734
995
296
857
503
16
769
637
409
757
678
674
253
194
404
704
486
913
927
902
374
197
782
201
161
384
87
603
512
18
150
105
770
692
267
540
643
896
886
414
104
917
625
408
651
197
520
375
210
986
875
445
694
413
382
420
456
750
100
135
725
267
399
459
149
740
364
988
667
576
987
610
609
345
669
150
730
955
990
719
123
152
230
926
338
648
385
831
490
876
753
930
59
274
891
115
932
130
73
27
412
460
255
347
401
858
817
153
595
376
563
288
330
752
944
377
597
548
611
13
988
484
107
890
714
717
767
688
857
621
14
396
281
519
936
164
646
690
304
96
476
786
349
496
86
825
546
935
570
492
829
664
636
139
908
253
250
841
532
675
435
356
220
886
43
110
587
629
573
651
159
379
630
613
436
226
209
