376
31
852
819
101
427
401
168
973
381
936
541
511
520
253
531
619
468
211
765
129
227
208
67
466
939
188
521
765
515
800
162
420
512
951
971
899
137
353
126
829
790
565
204
510
189
386
725
116
69
279
684
969
892
53
878
575
968
673
33
443
628
468
352
679
351
709
289
539
853
748
67
480
874
376
746
681
831
299
342
906
300
161
315
155
640
167
949
99
245
438
46
26
265
110
479
528
752
852
431
197
295
505
93
140
246
622
327
614
468
310
837
306
515
334
581
505
516
405
246
211
862
885
639
503
384
771
199
332
10
786
766
582
159
478
379
922
94
