340
605
356
375
694
155
631
828
879
104
846
879
92
728
869
964
956
112
956
223
950
46
451
769
174
540
358
590
91
103
453
330
253
466
495
804
24
91
556
607
253
504
741
249
248
470
833
35
880
580
452
800
820
965
476
762
692
357
421
543
714
117
435
620
85
492
417
581
587
11
817
436
397
61
181
970
184
709
372
308
242
31
831
636
462
206
559
28
135
807
231
506
815
883
30
664
909
564
392
725
266
243
496
796
483
257
537
280
280
881
800
566
468
155
796
993
985
145
58
686
105
893
19
453
290
207
86
343
803
667
492
52
721
106
695
707
658
447
655
960
318
829
451
810
192
407
142
45
737
599
778
142
392
910
831
287
889
911
100
454
700
913
553
495
946
964
395
53
150
789
429
733
945
45
358
27
984
952
387
936
