211
872
710
255
332
316
950
856
793
960
693
890
678
314
310
827
900
871
446
655
714
250
682
315
100
857
469
604
834
629
111
138
939
618
354
572
949
303
385
764
449
988
451
529
678
209
582
580
148
303
792
45
739
528
413
12
643
948
210
249
422
837
330
12
535
373
962
854
383
453
182
708
885
770
557
662
943
498
948
285
885
609
243
738
696
884
244
358
209
167
70
979
49
700
950
837
307
470
133
159
884
901
632
521
26
281
101
480
375
786
997
942
688
217
207
796
693
471
900
242
100
310
554
291
71
67
791
682
552
482
102
792
490
788
507
206
469
699
429
117
239
510
828
