349
695
261
603
273
876
765
333
66
662
162
29
585
26
351
619
551
871
820
227
254
965
506
623
457
996
357
314
319
610
74
439
680
367
919
400
913
1
911
723
539
201
944
679
128
80
468
911
960
542
879
103
724
292
986
309
611
499
902
518
652
93
657
213
174
419
651
458
90
881
849
951
280
323
949
974
523
68
538
815
310
267
863
667
4
831
395
786
275
47
841
504
53
820
697
417
164
945
852
520
129
14
146
537
157
847
564
332
67
896
34
917
736
40
512
820
770
28
50
748
591
202
409
647
903
909
453
317
443
283
910
640
964
873
328
608
554
647
127
314
168
357
131
868
450
487
81
712
655
412
131
985
638
121
701
630
960
295
864
96
470
341
170
88
120
335
7
856
419
12
95
290
538
567
465
427
332
825
46
842
60
61
657
840
954
275
829
19
371
748
477
162
281
404
288
635
681
548
323
156
277
683
946
462
