211
585
411
502
589
36
124
738
990
132
181
985
897
53
810
69
188
142
88
533
866
225
53
286
515
813
185
372
635
582
366
723
332
229
829
495
468
983
296
207
496
865
614
637
461
255
568
522
251
824
986
447
351
298
991
560
845
547
751
845
43
210
745
373
455
990
383
981
787
256
591
707
569
133
889
404
803
469
706
900
929
876
95
626
244
705
350
281
489
320
120
513
82
383
651
153
985
181
613
988
355
785
979
830
916
939
543
558
426
490
109
969
728
78
38
376
572
646
989
55
183
493
993
25
324
368
794
175
436
589
449
162
157
394
178
460
122
937
499
989
390
226
684
588
188
940
42
656
289
478
927
222
549
443
650
777
293
775
5
215
23
