263
201
772
895
120
32
794
364
725
924
676
47
797
64
44
674
596
184
383
249
79
514
493
652
474
553
523
952
824
14
135
502
678
969
525
586
85
97
859
355
332
962
752
219
974
788
761
444
361
906
396
615
354
245
459
220
35
279
277
773
432
365
553
265
503
909
479
783
263
224
615
820
433
79
64
479
88
917
936
760
882
968
65
537
645
931
86
213
878
401
850
131
762
2
324
424
399
858
303
273
7
539
51
406
595
640
364
462
13
852
683
323
200
388
88
782
147
535
941
802
965
32
826
513
884
225
52
754
858
852
675
351
634
816
86
754
302
598
675
813
634
276
551
921
170
751
33
824
850
716
877
414
969
140
648
620
194
277
692
773
52
776
907
878
417
624
974
924
89
564
443
124
995
436
296
572
978
590
404
767
564
1000
303
839
703
836
