870
702
615
559
137
331
334
620
711
71
825
147
340
276
137
447
774
621
829
443
684
226
471
740
595
265
176
255
844
912
516
805
249
886
722
971
988
783
22
927
548
511
747
703
407
91
401
742
507
382
911
477
444
159
487
574
353
207
489
606
459
260
848
395
53
45
844
3
822
215
932
392
4
105
952
603
936
612
306
890
887
146
832
435
169
722
754
770
98
443
602
103
886
372
957
467
188
655
101
952
517
664
764
845
422
350
966
197
18
987
937
56
462
633
234
578
27
758
146
346
270
249
661
753
964
353
457
547
27
447
680
529
246
750
406
817
579
881
261
538
883
296
839
112
783
23
893
611
868
289
475
487
578
857
936
85
54
433
615
900
436
514
235
144
301
243
82
990
207
464
573
175
675
765
293
665
477
111
912
119
76
531
45
904
289
237
793
767
692
901
680
798
