334
985
407
532
866
452
725
482
506
872
108
780
69
206
908
10
258
793
895
560
833
887
191
696
637
847
431
725
937
729
387
425
378
205
514
970
414
543
903
288
991
354
927
90
485
268
387
270
457
990
381
722
438
730
717
890
754
767
106
174
452
295
211
293
126
514
560
575
79
880
13
902
226
443
620
319
643
187
870
965
824
128
168
545
62
372
883
334
645
837
540
269
321
356
983
613
452
675
187
334
251
373
555
407
243
566
394
436
377
632
287
373
879
607
533
856
897
410
543
29
534
238
974
421
405
150
390
222
527
732
830
23
674
205
274
97
130
331
565
274
479
287
97
456
38
925
669
61
734
528
811
665
767
208
755
455
290
733
