704
987
148
42
338
63
692
559
621
106
664
333
937
893
227
389
647
398
476
236
616
439
974
178
852
176
296
485
523
513
266
68
961
895
885
727
557
231
775
617
687
426
724
123
798
506
117
475
271
333
489
474
728
732
2
31
967
945
198
317
457
770
753
734
20
264
497
369
305
980
26
527
398
379
399
297
253
487
416
622
793
756
499
202
663
221
405
246
894
276
997
30
272
943
702
142
117
723
74
261
259
779
646
357
364
549
731
254
85
556
72
922
929
342
439
842
783
776
178
679
558
733
301
902
103
525
212
231
41
621
198
216
217
951
408
361
912
95
569
316
499
831
285
576
659
106
792
989
900
187
790
55
432
682
716
431
565
847
995
291
651
502
829
63
848
873
413
990
587
480
724
987
258
530
926
245
302
672
546
682
892
459
679
405
399
611
496
820
373
536
974
424
654
786
632
974
265
915
653
607
257
574
161
590
772
221
463
472
924
233
212
311
779
987
175
756
837
20
731
113
517
152
663
458
441
615
745
683
728
529
