608
142
831
860
449
669
705
471
926
569
182
737
899
333
335
361
313
108
418
410
912
968
650
457
673
429
428
796
802
141
455
823
970
777
867
114
817
628
735
888
717
453
85
529
854
668
736
499
954
96
730
262
30
827
921
819
202
222
442
512
510
9
266
346
920
494
886
893
32
791
278
799
374
532
471
841
555
397
1000
946
366
294
191
189
275
883
406
836
179
541
931
339
677
282
856
665
958
677
154
665
204
479
161
879
687
299
845
85
474
278
658
140
942
900
729
973
637
871
409
562
874
504
343
777
237
264
996
343
240
858
287
935
611
285
271
662
127
452
129
76
989
145
653
10
782
520
420
772
8
621
109
62
307
896
124
237
359
398
922
652
790
456
987
398
884
204
284
119
181
782
702
461
158
434
17
551
908
201
26
59
156
296
337
950
259
749
608
737
698
839
122
426
677
302
436
884
4
360
597
325
919
951
203
115
73
737
553
659
209
877
357
363
884
883
357
798
278
634
70
100
573
175
70
462
