453
159
832
633
253
554
504
981
988
755
688
299
142
826
451
991
404
214
514
628
570
99
359
633
101
221
946
289
505
644
537
169
315
301
357
5
714
17
665
407
243
960
137
217
500
472
766
349
35
393
771
1000
67
897
727
350
792
186
736
166
209
579
811
257
977
841
763
771
298
275
679
365
837
769
65
203
916
839
527
683
929
610
695
141
457
375
752
973
239
786
950
701
535
274
264
482
648
49
187
3
798
764
919
716
563
631
268
628
551
261
981
781
748
548
16
561
178
229
178
172
933
15
721
321
109
921
863
962
376
976
816
762
890
174
539
915
126
924
842
52
506
746
124
606
283
479
103
597
135
438
