267
173
259
473
40
552
265
65
21
270
707
232
553
313
285
642
247
49
9
135
349
508
374
618
749
523
193
184
130
350
240
595
444
919
395
645
876
211
969
191
614
699
85
418
518
480
718
419
501
564
628
524
268
427
841
812
85
139
891
861
57
376
818
162
125
846
11
851
805
107
273
680
521
516
304
268
736
673
617
862
306
201
654
999
470
212
810
584
954
997
885
812
159
557
953
808
409
226
696
694
873
963
202
428
987
707
733
844
167
761
461
634
487
130
153
132
108
465
149
724
777
17
545
95
645
416
329
159
428
617
557
571
941
961
329
37
586
306
740
455
155
557
44
328
306
880
764
661
786
306
769
657
424
449
944
718
311
804
367
726
551
292
376
195
521
833
773
510
172
570
752
380
507
897
631
881
938
888
676
931
58
454
91
137
514
80
30
454
70
361
654
423
966
950
253
834
495
716
883
391
997
154
830
661
731
951
956
266
777
137
459
32
