713
516
335
529
13
543
976
690
156
792
189
653
522
114
983
612
105
235
608
892
504
170
532
399
727
222
698
544
416
924
70
955
229
697
295
737
483
95
856
681
997
655
340
459
726
3
339
76
38
813
545
155
974
786
493
480
456
872
736
84
180
88
204
187
455
15
157
644
925
455
36
537
436
208
51
31
183
858
475
418
624
818
772
219
369
636
689
626
57
181
355
225
273
787
71
169
204
528
470
988
459
870
976
902
691
804
912
311
938
978
309
948
336
493
495
810
190
844
22
772
405
54
322
341
336
175
842
601
675
418
438
777
815
510
747
658
863
891
647
561
576
976
895
284
19
933
396
922
574
817
613
421
839
568
509
67
815
943
19
118
227
738
4
118
682
255
977
989
581
66
978
430
642
727
103
99
364
694
29
142
632
575
441
226
491
641
490
881
522
953
724
171
