746
214
113
316
257
322
154
51
240
470
545
237
868
549
772
260
339
758
955
684
440
232
832
130
886
8
231
285
425
533
47
724
271
133
383
745
340
207
983
295
878
380
698
933
398
159
180
627
83
182
628
292
955
222
251
278
738
391
609
762
247
989
198
146
974
514
636
923
280
955
731
932
817
518
677
383
511
312
262
475
167
64
448
253
12
44
146
74
380
297
378
700
961
584
958
183
294
882
663
587
538
55
523
104
975
554
433
949
287
947
519
786
557
744
35
907
337
767
232
103
462
694
301
555
8
505
16
930
212
573
868
929
928
292
666
333
715
427
656
34
275
855
634
387
995
808
654
699
516
860
25
350
567
921
692
166
846
300
844
513
349
496
889
684
30
515
484
793
514
821
503
301
944
205
120
527
914
377
632
819
433
531
353
950
491
683
189
897
634
965
546
822
861
654
90
613
471
623
770
397
536
610
970
100
878
802
788
983
946
54
751
897
411
917
239
606
203
723
421
538
715
851
567
256
184
347
78
248
611
578
223
179
264
23
121
987
112
583
797
847
398
797
265
487
