844
170
176
820
204
407
841
573
944
836
746
323
425
227
318
83
675
84
844
630
458
37
108
152
674
437
318
242
890
341
528
276
643
561
97
731
361
403
204
373
715
368
892
611
186
46
287
642
342
522
988
923
673
851
377
129
263
610
115
957
523
268
411
235
220
284
365
256
317
616
172
336
9
717
514
482
958
372
547
879
529
499
278
801
560
611
820
338
414
361
977
997
95
176
642
605
571
205
389
997
219
932
583
157
255
756
993
329
682
880
816
597
462
466
86
1
407
821
538
104
618
9
501
745
422
224
607
182
620
676
555
722
868
671
258
311
484
243
73
801
112
675
550
852
998
715
215
507
