226
906
337
900
668
58
623
375
602
525
536
876
773
195
433
818
33
187
420
517
310
241
106
584
853
995
838
747
699
645
702
133
884
132
736
337
939
743
199
104
152
574
840
865
402
545
385
295
606
346
623
936
866
518
734
75
47
645
364
755
388
253
640
191
19
924
575
247
672
885
915
167
878
411
74
575
679
465
608
699
774
382
548
379
851
971
574
426
984
561
635
234
812
96
809
90
517
874
145
592
677
549
819
312
964
875
711
849
51
984
752
816
293
206
270
305
70
820
366
681
46
810
32
407
148
357
139
953
945
588
585
662
737
