293
371
864
286
813
188
359
782
702
955
313
755
435
972
738
99
907
619
618
360
4
402
353
430
580
903
494
247
409
328
517
535
705
363
23
21
988
152
918
725
321
466
72
27
822
913
844
766
38
201
180
144
698
761
653
292
826
210
449
228
710
229
530
29
975
678
845
727
389
580
239
662
137
808
358
433
256
679
83
154
587
60
518
403
781
600
856
82
165
296
982
862
753
865
350
884
3
25
579
392
270
976
840
258
565
676
138
261
130
596
516
318
466
512
229
102
356
491
472
665
459
33
579
627
10
269
324
233
124
126
953
