452
355
952
532
494
878
694
719
771
66
296
664
70
139
599
671
481
841
369
661
536
884
953
233
537
870
666
512
106
474
563
154
754
954
750
530
103
269
213
391
973
284
633
516
478
449
668
868
598
871
697
382
372
142
722
110
375
709
984
954
114
867
204
30
209
596
838
543
923
747
43
319
668
862
12
838
318
686
542
213
999
503
318
950
867
278
895
298
860
749
92
381
566
972
33
172
581
955
553
964
193
288
850
815
288
669
1
419
485
117
474
139
873
996
99
771
465
447
237
674
730
488
6
180
948
743
688
993
177
442
594
4
862
280
189
811
784
75
160
213
924
501
568
484
330
985
893
443
3
475
776
844
5
904
477
285
296
525
778
231
996
479
246
544
931
515
844
825
373
629
834
933
867
2
702
29
745
256
8
861
541
134
523
737
422
