82
796
122
433
708
599
990
479
849
976
129
871
926
160
820
418
188
949
510
578
641
597
624
207
54
99
11
569
182
361
429
227
385
715
970
159
873
571
794
23
284
772
46
678
47
514
296
311
910
903
651
236
818
333
697
668
127
104
292
710
744
998
283
488
40
288
499
703
284
552
667
508
902
303
622
555
697
390
398
523
363
684
349
115
549
281
840
305
395
69
618
73
858
176
444
981
760
425
250
256
281
684
241
262
200
511
344
483
197
617
854
596
332
403
566
282
416
927
45
493
617
833
897
720
528
128
927
593
131
92
7
678
495
203
62
273
750
489
517
574
486
671
77
385
89
112
595
40
632
357
818
515
198
548
342
237
490
871
519
625
747
311
105
492
20
817
858
937
519
21
24
