495
471
187
591
400
913
967
665
471
270
322
10
576
391
434
788
836
475
522
950
824
272
391
421
329
706
785
178
575
221
891
451
102
70
791
557
265
700
140
419
461
982
627
293
249
761
481
837
668
108
53
967
740
836
943
98
698
431
116
80
86
847
454
851
781
624
281
960
347
499
847
892
155
530
837
286
529
514
203
515
779
707
532
710
161
4
775
440
422
366
781
14
891
637
464
155
405
964
908
204
953
542
483
307
391
31
263
115
77
510
889
629
392
587
340
298
456
6
904
471
64
943
302
773
414
269
463
79
502
336
86
811
222
418
786
168
854
266
877
152
114
348
122
191
728
183
3
506
241
718
351
796
921
48
