848
440
560
591
439
690
356
828
125
326
289
55
601
686
232
287
893
658
27
520
427
587
364
505
742
321
861
285
213
421
856
489
31
806
743
493
866
98
843
976
825
251
852
877
904
940
459
457
273
811
539
586
592
696
198
610
672
219
171
215
746
316
108
128
531
762
686
828
523
336
128
510
194
386
287
282
854
952
752
620
814
481
234
516
180
886
874
179
11
118
482
803
398
751
852
763
766
250
977
895
457
671
371
482
601
257
954
673
6
808
935
843
390
228
580
351
441
915
974
53
236
32
150
827
92
670
77
187
500
810
471
217
107
787
159
943
803
324
652
830
888
54
93
321
432
372
706
215
7
444
939
835
813
296
425
638
982
163
994
643
529
31
820
967
479
337
848
203
398
144
295
468
996
34
552
503
369
427
364
770
375
375
196
509
848
342
886
659
40
828
160
564
769
