760
394
626
590
21
26
233
373
844
148
967
218
20
103
581
40
292
977
49
60
493
414
421
413
291
611
230
978
470
616
983
713
409
805
189
275
971
266
902
571
572
673
362
148
410
206
900
69
401
527
817
309
995
648
712
111
520
862
706
27
306
933
855
332
421
108
733
678
582
772
783
132
46
432
42
322
74
150
856
316
776
378
842
915
241
76
973
766
420
875
683
25
272
819
970
744
932
891
617
329
545
811
973
182
33
632
448
210
777
15
296
241
110
209
484
304
828
845
533
292
416
136
207
978
220
871
794
745
643
383
406
391
140
78
528
613
521
802
18
