529
544
93
775
516
222
653
112
843
752
491
78
631
435
111
178
399
799
836
326
1000
216
414
811
802
512
937
934
537
671
827
997
218
516
716
619
305
542
412
228
573
425
225
46
873
344
344
576
668
469
98
378
769
170
959
999
564
330
675
334
243
973
827
69
389
358
348
202
410
411
263
74
28
339
416
652
229
313
401
597
443
2
86
985
331
129
571
754
315
434
255
248
123
780
168
838
69
548
351
196
478
127
854
846
846
858
791
529
295
587
652
579
504
416
552
349
977
291
245
525
289
555
669
916
118
119
939
289
920
968
725
241
735
183
724
427
987
190
624
252
450
654
472
166
631
311
614
614
115
397
595
36
67
611
595
509
934
618
462
609
542
670
132
72
203
383
631
651
881
211
882
451
992
564
154
531
514
55
42
907
696
731
927
102
282
509
673
657
258
355
329
269
998
539
682
626
802
920
564
512
253
442
839
669
396
516
47
907
757
585
291
342
846
116
703
339
236
359
504
86
712
903
547
857
296
138
742
947
375
392
226
21
703
13
310
865
216
758
448
390
713
577
697
320
367
203
265
503
595
