113
151
214
577
541
157
572
159
931
990
22
749
833
979
433
566
833
129
440
75
197
194
781
953
921
608
239
710
724
853
602
943
229
245
920
593
580
566
448
676
111
922
153
537
974
395
744
993
781
226
901
958
423
920
491
442
171
635
451
657
499
277
826
984
174
513
95
750
537
676
680
849
395
309
944
811
767
337
283
730
26
137
410
271
436
765
766
804
596
904
763
110
935
475
949
811
916
169
39
999
851
603
337
204
389
951
169
669
505
96
539
877
567
971
573
453
80
73
851
596
482
431
68
991
752
235
13
478
827
483
223
675
81
546
797
878
474
457
62
871
14
557
11
83
843
573
35
913
588
499
222
444
65
350
227
810
907
562
284
125
