347
183
983
954
843
795
286
499
422
447
396
48
614
171
272
532
472
288
653
726
187
143
288
834
398
13
863
185
103
838
958
269
262
754
550
756
287
151
922
248
118
355
68
422
439
995
313
871
675
875
263
761
526
270
732
38
213
241
451
713
666
360
947
148
107
480
793
649
820
293
351
383
449
308
712
961
601
638
856
137
358
234
951
90
230
32
222
457
772
48
692
918
761
339
908
206
133
914
844
820
163
985
25
517
537
872
228
495
574
36
490
675
850
338
656
160
817
761
578
953
131
210
769
985
141
915
756
828
448
584
670
823
45
498
399
673
920
903
800
764
535
629
158
442
465
340
535
326
73
194
