672
750
150
246
854
261
346
378
22
873
810
202
253
447
311
481
743
177
656
896
586
529
599
328
46
977
509
387
432
73
270
877
146
83
451
927
977
725
509
296
905
825
119
343
464
863
321
241
212
523
335
923
380
280
293
534
399
968
313
904
418
124
254
533
488
851
840
575
46
759
740
834
275
865
513
443
86
195
878
680
824
425
508
11
957
189
271
131
348
58
577
452
312
917
775
459
822
124
308
909
226
635
301
437
895
696
233
578
616
401
752
640
256
723
424
338
235
977
435
652
260
413
972
872
466
385
210
352
407
369
174
164
342
467
496
806
348
77
694
331
506
476
980
11
567
396
57
815
33
599
110
229
844
38
545
889
254
134
171
458
996
108
320
968
137
787
802
83
583
880
343
395
649
20
84
632
491
125
841
738
801
516
557
507
325
317
33
273
165
904
229
394
999
793
803
247
555
96
192
926
374
325
912
953
467
182
467
870
835
322
669
424
391
999
29
71
450
252
141
596
992
379
108
324
983
187
