427
160
702
598
485
986
540
850
502
608
449
65
264
269
373
632
676
936
81
429
46
577
768
108
839
669
394
218
968
20
556
520
346
534
763
374
628
856
863
982
991
872
513
383
947
33
891
531
771
843
687
354
13
721
413
362
904
561
610
311
432
469
215
715
572
928
995
162
29
602
344
394
82
367
700
149
507
790
974
17
96
645
760
899
937
373
600
978
977
59
404
821
950
845
589
288
99
648
920
554
322
64
118
239
680
335
138
974
448
732
898
788
767
915
933
550
146
445
148
950
482
298
519
598
286
28
160
398
751
564
376
821
567
72
743
615
159
198
390
292
915
489
124
423
556
633
200
52
279
563
155
411
110
694
154
328
460
530
995
922
963
53
660
650
952
335
508
590
106
337
983
1
163
884
296
736
574
765
760
402
835
258
346
699
892
132
242
358
198
218
532
516
772
671
891
446
571
228
289
541
324
42
823
290
511
6
634
369
371
343
641
312
329
902
