782
960
150
119
913
782
46
169
680
154
359
815
508
784
51
222
490
585
664
360
813
541
794
549
216
691
909
875
831
765
722
224
861
561
983
444
360
512
240
717
49
686
696
67
411
851
785
795
378
47
64
312
138
986
788
120
899
620
8
785
481
620
640
333
905
937
645
454
297
424
59
754
589
308
994
990
709
383
627
901
805
884
236
186
377
199
196
227
124
736
559
120
926
638
178
609
942
52
898
986
671
583
625
59
646
230
750
52
547
462
352
923
105
63
344
104
635
762
408
64
20
157
273
13
594
385
782
923
120
615
386
207
576
659
833
568
569
