422
375
227
774
523
476
389
232
768
730
794
396
780
321
682
464
128
768
299
228
426
963
87
414
738
196
176
473
875
832
844
368
597
475
738
692
68
683
126
197
984
256
596
552
215
660
858
74
866
435
848
138
303
287
197
366
493
336
949
298
160
623
388
24
173
375
266
793
192
876
580
478
873
178
176
888
633
500
643
564
540
458
852
328
121
60
382
723
833
469
30
981
544
963
81
580
328
173
830
252
951
647
528
467
706
85
125
832
102
846
258
606
746
794
268
175
660
399
174
355
639
587
800
718
331
436
855
58
306
556
130
772
562
473
658
897
408
615
523
788
20
422
779
224
50
553
203
991
551
87
217
199
40
242
230
671
74
748
321
119
45
784
386
572
443
762
203
902
647
