332
523
149
657
466
155
682
607
507
829
363
101
933
339
130
207
241
877
577
877
851
774
149
687
302
635
565
821
798
259
677
231
775
453
781
806
720
367
129
116
447
223
250
850
514
176
731
732
492
235
930
315
951
261
500
279
181
737
247
991
980
225
207
539
595
758
485
453
247
780
14
970
629
426
450
65
543
914
400
533
682
253
67
98
971
529
969
538
143
660
129
481
435
544
652
321
333
231
390
399
251
185
210
649
568
249
643
803
630
455
292
682
903
515
713
727
346
151
142
876
837
521
539
91
421
884
237
131
554
254
598
65
950
68
90
230
689
578
689
405
766
441
64
162
542
196
602
153
865
159
628
244
8
241
57
297
856
494
784
709
747
197
718
433
938
921
65
969
441
312
701
502
955
746
322
106
819
695
171
518
259
491
445
597
321
608
440
549
369
176
799
746
907
606
784
547
554
200
911
817
854
476
392
833
116
774
59
163
367
423
346
288
244
603
360
366
259
733
619
878
238
114
602
754
489
223
512
106
363
35
665
