369
390
777
826
475
923
52
186
233
394
225
91
413
177
594
832
661
78
359
834
188
27
760
78
841
195
369
7
916
981
911
945
930
451
568
1000
178
261
496
25
717
173
929
422
161
882
456
63
453
42
765
379
499
373
678
958
225
651
735
554
882
963
18
703
49
645
638
173
101
476
721
866
704
255
670
610
752
291
648
908
613
461
946
398
303
507
206
410
127
418
670
28
813
159
608
49
623
248
918
942
116
647
589
768
220
266
464
269
885
586
974
322
945
991
166
852
133
327
658
929
997
561
971
389
123
672
559
988
954
419
731
723
676
6
534
511
646
247
958
892
361
771
375
485
866
802
472
368
888
148
577
423
806
776
792
806
944
493
437
14
912
798
323
253
153
592
915
577
34
685
518
723
704
875
808
124
130
370
511
275
64
903
610
548
181
276
100
676
223
103
941
617
940
959
796
110
704
771
92
578
6
893
182
80
108
1000
925
381
491
13
996
454
212
999
381
553
648
416
948
329
359
100
365
761
180
553
397
317
783
671
526
926
53
720
212
227
110
847
634
79
919
