138
219
151
424
767
87
574
926
918
180
342
326
619
837
136
499
68
486
961
961
426
965
746
455
374
792
121
836
674
155
673
65
595
795
765
873
26
662
84
983
254
666
230
100
794
530
846
125
252
343
733
896
357
736
155
257
495
205
31
269
761
308
340
990
326
255
136
104
737
806
683
440
468
703
950
254
293
578
235
363
451
479
113
384
901
413
664
178
557
746
100
21
13
886
348
798
364
297
657
510
483
28
694
137
753
270
412
132
66
610
625
802
458
581
673
979
554
798
972
775
95
835
594
714
94
853
739
940
447
290
697
248
