413
523
710
502
469
46
524
546
656
712
70
611
209
127
397
553
209
185
807
705
273
976
636
748
440
157
630
469
249
330
403
493
155
819
853
550
499
884
207
574
503
897
140
356
480
86
548
772
200
457
959
165
332
383
617
535
789
138
360
71
85
43
989
431
850
718
840
416
15
833
782
83
699
890
197
193
704
81
342
928
886
657
249
288
579
575
292
921
706
480
10
327
486
751
895
667
795
740
484
418
624
63
722
619
628
4
311
295
954
521
3
850
946
476
907
614
326
267
990
91
526
913
170
524
647
910
564
619
413
194
682
73
748
931
701
325
660
513
62
898
619
422
460
428
660
706
845
548
929
225
650
172
475
931
21
319
976
441
855
818
125
281
948
967
208
590
548
412
596
728
317
51
865
191
834
80
650
515
853
996
697
90
331
220
250
559
707
55
582
473
425
516
73
271
663
47
182
640
999
382
268
826
929
765
147
79
596
251
953
982
4
231
17
778
672
716
234
728
929
343
609
807
