552
282
187
95
946
278
442
148
964
234
502
627
739
504
112
114
247
559
84
677
649
23
949
461
919
125
422
823
728
845
887
437
5
218
686
749
941
852
883
517
598
320
702
670
320
31
327
543
392
810
166
764
935
74
540
164
254
476
487
572
805
252
55
102
585
666
136
498
711
851
685
386
902
440
209
205
331
397
605
861
567
63
955
582
773
881
411
640
53
913
871
475
372
942
938
730
348
579
292
390
295
390
503
648
407
56
780
686
678
990
282
584
60
253
807
464
701
846
78
827
118
583
479
58
779
345
253
372
79
234
602
643
796
30
751
388
717
688
257
387
49
690
777
994
758
856
996
377
454
155
475
716
263
285
680
223
290
619
261
600
768
843
256
999
378
741
613
890
