50
816
466
831
242
767
495
580
428
404
68
88
125
50
643
942
353
541
653
351
682
253
514
592
90
694
458
755
874
393
524
845
234
571
550
419
84
944
520
246
742
332
267
87
947
677
267
725
6
835
779
835
774
474
650
846
922
952
897
372
794
891
991
56
653
862
903
464
405
952
745
229
78
490
556
152
609
984
95
575
791
63
785
294
790
505
633
339
937
698
314
925
179
965
996
760
120
798
199
627
488
924
529
816
872
429
643
943
260
273
565
883
94
617
348
551
955
356
635
150
269
102
723
400
986
26
148
174
781
875
922
420
166
679
894
112
417
553
260
618
538
422
945
594
533
590
825
387
214
304
257
700
303
211
244
17
297
391
323
343
7
696
297
126
441
631
507
148
611
745
108
359
159
482
56
155
18
293
719
726
771
588
661
553
357
283
153
260
991
948
317
405
909
446
507
825
551
735
878
407
551
116
291
933
746
645
834
643
194
939
503
381
749
588
856
613
200
117
769
492
473
862
88
743
768
214
344
633
44
65
785
191
407
615
363
643
561
363
