800
779
444
563
695
111
998
681
850
594
970
822
755
677
177
793
111
194
960
958
375
373
993
547
475
339
489
837
372
568
942
916
76
1
122
431
888
852
222
384
274
536
671
781
507
724
637
148
484
21
438
508
567
805
521
77
565
733
43
115
786
957
695
707
498
588
6
498
892
58
770
745
162
514
453
302
85
569
805
147
794
492
973
74
882
118
553
965
1000
810
490
379
176
130
927
129
348
221
168
509
711
651
148
57
93
566
140
803
398
844
11
561
779
11
799
897
404
471
795
369
736
762
917
863
783
566
506
455
976
506
546
759
527
243
839
143
592
316
762
361
248
311
739
7
643
930
116
333
63
373
367
16
350
888
829
413
955
362
107
753
699
498
204
417
790
950
95
333
110
460
889
824
226
391
985
302
715
944
364
341
99
164
63
85
925
888
176
764
944
747
493
269
595
523
157
390
657
91
46
266
896
661
380
762
40
399
715
653
75
893
450
385
721
727
330
753
33
512
355
299
88
623
779
960
637
81
746
