531
254
851
816
835
601
227
119
202
420
926
505
933
977
626
862
919
374
888
191
845
621
348
494
977
814
611
79
62
316
954
959
616
977
630
51
418
883
664
783
484
349
146
240
831
965
325
110
7
188
380
510
481
369
967
196
584
316
686
887
256
650
258
59
288
890
813
112
148
297
398
30
442
497
426
944
694
471
712
933
577
580
535
993
261
44
813
566
945
284
87
61
930
232
66
578
56
660
221
812
636
593
735
834
719
960
607
660
659
365
788
712
755
474
272
974
940
858
283
941
259
569
660
432
382
526
125
683
522
151
210
142
938
