132
871
272
739
153
609
981
329
919
589
517
657
915
494
132
67
408
841
891
754
553
548
954
639
777
290
936
539
867
290
181
284
20
90
388
704
45
680
152
86
95
375
764
649
49
8
84
690
552
169
19
214
505
393
447
261
62
327
109
757
187
258
913
960
679
506
254
387
280
978
844
567
132
325
829
599
678
630
533
314
612
369
439
150
850
800
159
556
600
382
452
739
487
769
615
360
228
769
357
95
323
78
284
102
29
304
856
195
44
367
540
43
199
338
941
858
89
162
778
9
15
491
154
606
969
430
916
641
865
570
194
843
7
687
664
384
739
96
272
220
950
463
496
400
330
105
65
572
420
276
352
462
274
462
138
488
488
179
548
530
509
926
823
116
989
340
787
83
431
898
334
533
206
783
925
792
318
27
625
446
144
26
794
240
44
284
211
578
587
166
960
758
408
712
669
452
347
41
481
464
167
979
894
473
396
674
655
917
528
558
880
315
397
859
769
831
627
595
175
600
31
314
758
317
464
659
502
115
835
816
182
