796
862
176
728
790
555
402
904
709
125
736
767
258
515
356
77
801
445
416
821
204
837
398
862
429
755
343
583
216
529
664
106
524
623
480
335
344
728
129
606
421
228
387
315
664
936
985
520
240
723
944
853
258
183
769
323
513
948
184
374
350
828
3
667
403
673
890
258
30
592
633
248
409
285
753
85
241
588
982
465
871
614
629
64
407
709
425
568
682
742
277
600
393
730
576
813
135
481
388
791
61
623
168
632
272
154
872
363
672
170
449
559
388
602
108
101
150
914
516
439
615
769
647
213
767
968
508
683
271
655
571
556
297
193
593
71
172
712
437
383
726
992
181
927
782
706
51
601
31
238
841
267
165
235
691
787
114
573
21
387
807
248
910
269
627
904
175
612
184
348
573
422
773
855
822
928
196
341
768
885
690
849
500
386
609
580
432
540
41
662
973
227
657
483
268
698
167
28
466
701
356
980
114
55
316
916
276
