509
795
263
786
609
123
572
411
856
536
103
518
491
903
20
341
917
61
526
767
95
884
180
549
283
614
321
450
572
668
73
245
797
196
937
932
822
788
638
227
754
979
464
358
919
646
236
745
940
243
208
527
314
774
203
724
188
493
968
517
772
863
721
263
273
26
841
946
628
168
310
34
61
282
839
944
429
254
65
245
450
702
528
468
740
75
54
262
573
10
713
638
239
329
652
438
341
698
645
63
357
678
428
988
23
950
116
343
571
864
280
36
457
449
644
446
923
353
824
125
304
396
732
980
920
874
557
45
210
724
229
