183
653
959
246
588
220
332
72
1000
851
977
878
955
877
395
794
607
579
245
377
511
635
196
899
960
183
779
742
956
114
951
703
876
619
183
764
926
704
389
615
328
748
877
880
820
576
940
869
668
643
757
678
819
641
466
416
68
466
987
353
236
112
752
120
8
714
649
792
952
740
151
292
303
432
738
79
142
10
555
567
669
662
575
35
657
38
82
361
50
494
285
435
968
8
925
252
122
874
890
485
297
750
416
72
139
188
125
61
774
47
556
712
960
997
457
874
632
46
707
386
604
851
143
152
289
319
960
478
675
164
435
281
124
263
106
891
847
954
68
442
445
180
511
88
307
866
717
450
118
926
782
558
322
308
284
757
435
945
413
486
45
265
777
90
385
935
815
532
264
722
49
182
371
912
115
278
951
455
780
53
780
927
114
723
144
772
48
620
364
201
61
507
84
810
207
215
193
879
207
123
957
877
983
426
652
938
20
115
601
309
674
12
428
315
984
698
585
337
66
574
237
288
308
690
472
6
222
37
502
544
840
652
507
707
