770
567
74
24
106
251
272
310
260
457
905
54
490
208
404
908
896
756
255
292
988
649
281
235
990
161
76
572
899
888
806
546
722
628
121
823
239
920
594
801
716
482
648
437
214
413
854
380
375
734
863
372
634
845
899
378
270
216
585
782
257
124
130
834
780
32
695
831
591
933
6
910
64
76
176
224
409
273
288
254
173
829
830
22
408
777
247
252
655
483
274
583
172
443
516
35
393
334
700
387
79
692
656
2
797
158
443
296
407
778
284
118
166
601
935
243
790
805
639
1000
910
252
33
228
100
556
224
947
141
197
423
146
884
396
69
898
412
312
950
8
258
309
218
846
273
785
10
834
915
71
742
806
983
550
926
716
517
578
193
865
168
556
856
838
826
209
253
273
76
644
283
430
511
353
295
624
629
237
306
612
975
803
742
256
812
242
664
756
60
694
645
642
647
670
97
982
957
700
769
639
653
136
346
530
358
756
512
983
735
612
25
19
480
658
161
205
89
243
309
84
734
707
376
158
114
220
701
51
410
694
107
943
684
598
412
439
303
228
703
285
769
4
330
252
755
847
794
302
613
380
